1		0.093225	0.874129
2		0.118989	0.411387	0.492609	1.031540
3		0.118855	0.365546	0.483877	0.841879	1.332252
4		0.109022	0.843260
5		0.167644	0.432103	0.589402	0.762431	1.286433
6		0.162821	0.317789	0.447204	0.658223	1.140437
7		0.157689	0.991961
8		0.111411	0.273934	1.135705
9		0.281016	0.485145	1.117694
10		0.301305	0.904625
11		0.147665	0.343666	0.952168
12		0.248099	1.014535
13		0.269521	0.713110	0.789932	1.722954
14		0.180182	0.399623	1.282808
15		0.159611	1.054306
16		0.200887	0.402245	0.543394	0.961903	1.411997
17		0.148877	0.379382	0.905580
18		0.100324	0.373505	0.830151	0.979343	1.436997
19		0.241548	1.009439
20		0.381285	1.214248
21		0.252947	0.968427
22		0.335316	1.063402
23		0.277740	0.605356	0.840232	1.500504
24		0.103380	0.707460	0.898109	1.463630
25		0.292861	0.579147	0.680960	1.286798
26		0.216991	0.407010	0.561400	0.807146	1.284020
27		0.200184	0.382768	0.533598	0.901034	1.598482
28		0.110404	0.473302	0.644670	1.371474
29		0.297901	1.233371
30		0.260603	0.468262	0.626525	0.855352	1.469254
31		0.423822	1.241180
32		0.143948	0.495672	1.146031
33		0.257197	1.104224
34		0.205624	0.456042	1.279372
35		0.391171	1.482187
36		0.401981	1.161376
37		0.315723	1.092662
38		0.246714	1.265340
39		0.502162	1.670249
40		0.338623	1.075720
41		0.158700	0.346639	1.223691
42		0.216428	0.926643
43		0.213812	0.999249
44		0.068255	0.423383	0.596557	1.172742
45		0.115057	0.312048	0.433330	0.678098	1.091927
46		0.172464	0.472361	0.624452	1.042881
47		0.236026	0.356310	1.048974
48		0.214627	1.117148
49		0.169708	0.367037	0.542251	0.623053
50		0.141047	0.292805	0.394224	0.627413	1.096012
51		0.194630	0.501668	0.679569	1.087749
52		0.144089	0.922805
53		0.160807	0.335199	0.485398	1.091236
54		0.293616	1.085772
55		0.123320	0.447324	1.024307
56		0.125117	0.497407	0.575217	0.794282	1.463447
