1	
2	
3	
4	
5	
6	
7	
8	
9	
10	
11	
12	
13	
14	
15	
16	
17	
18	
19	
20	
21	
22	
23	
24	
25	
26	
27	
28	
29	
30	
31	
32	
33	
34	
35	
36	
37	
38	
39	
40	
41	
42	
43	
44	
45	
46	
47	
48	
49	
50	
51	
52	
53	
54	
55	
56	
57		0.179618	0.394468	0.461661	1.082156
58		0.211455	0.999482
59		0.167929	0.966689
60		0.143073	0.302284	0.650633	0.716472	1.584351
61		0.210201	0.617453	0.738419	1.213210
62		0.182133	0.305515	0.439753	0.698360	1.368567
63		0.120888	0.860159
64		0.155813	0.978092
65		0.131700	0.424624	0.544751	1.194359
66		0.096458	0.697040
67		0.199821	0.775363
68		0.261553	0.831865
69		0.141650	0.367382	1.030634
70		0.391582	1.164409
71		0.183150	0.936493
72		0.144169	0.412509	0.654914	0.763647	1.475897
73		0.218240	0.450009	0.637854	1.164941
74		0.191153	0.475255	0.552665	1.128850
75		0.153581	0.890795
76		0.133654	0.360341	1.311194
77		0.219176	0.513257	0.596978	1.035989
78		0.230788	0.468720	0.634986	0.769719	1.290494
79		0.093961	0.318885	1.273266
80		0.307572	1.055355
81		0.090600	0.464881	0.560646	1.148003
82		0.142527	0.334542	0.471449	1.027690
83		0.135543	0.355551	0.529062	0.937324	1.468065
84		0.149130	0.350739	1.131975
85		0.101616	0.321058	0.681375	0.740074	1.246686
86		0.188341	0.414146	0.520875	0.747562	1.262681
87		0.181562	0.505127	0.654980	1.035206
88		0.215839	1.160192
89		0.090929	0.424565	0.500789	0.898153
90		0.239735	0.366834	0.440664	0.750000	1.209799
91		0.147103	0.356000	0.844442
92		0.377620	1.187417
93		0.123778	0.509814	0.572965	1.462172
94		0.346067	0.656483	0.803910	1.165925
95		0.131387	0.996597
96		0.145804	0.368336	0.683514	0.813400	1.222133
97		0.196015	0.529148	0.645744	1.453034
98		0.122741	0.444255	1.111737
99		0.290732	0.988286
100		0.323733	0.831203
101		0.385343	1.124463
102		0.150507	0.415060	0.523237	0.741734	1.553599
103		0.287397	1.345309
104		0.243007	0.523667	0.628505	0.826168	1.599348
105		0.143304	0.445379	1.115658
106		0.312486	1.151182
107		0.143574	0.295340	1.047128
108		0.252901	1.161669
109		0.167573	0.384175	0.653227	1.335085
110		0.130199	0.372029	0.536680	1.491651
111		0.288045	0.983776
112		0.153435	0.832606
113		0.169973	0.316581	0.457456	0.634368
114		0.202015	0.385343	0.602683	1.081327
115		0.157611	0.715511	0.897854	1.036725	1.657419
116		0.153899	0.992898
117		0.067016	0.319282	0.590954	0.651017	1.323726
118		0.083187	0.360400	0.627533	1.461190
119		0.231969	0.466635	1.136444
120		0.138164	0.297658	0.439721	1.146551
121		0.163768	0.285491	0.390790	0.680605	1.284387
122		0.140877	0.389865	1.084958
123		0.073669	0.187842	0.319447	0.621876	1.253752
124		0.108183	0.862986
125		0.112295	0.377665	0.504680	0.628671	1.101952
126		0.089272	0.391132	0.555613	1.088308
127		0.092384	0.391268	0.480854	1.175345
128		0.224505	0.310946	0.410618	0.672588	1.152424
129		0.168998	0.979473
130		0.216567	0.976896
131		0.206715	0.805330
132		0.127414	0.402797	0.694442	0.793103	1.563958
133		0.090617	0.380696	0.492265	1.263431
134		0.195959	0.756458
135		0.145139	0.294140	0.566013	0.605558	1.011602
