1		0.093225	0.874129
2		0.118989	0.411387	0.492609	1.031540
3		0.118855	0.365546	0.483877	0.841879	1.332252
4		0.109022	0.843260
5		0.167644	0.432103	0.589402	0.762431	1.286433
6		0.162821	0.317789	0.447204	0.658223	1.140437
7		0.157689	0.991961
8		0.111411	0.273934	1.135705
9		0.281016	0.485145	1.117694
10		0.301305	0.904625
11		0.147665	0.343666	0.952168
12		0.248099	1.014535
13		0.269521	0.713110	0.789932	1.722954
14		0.180182	0.399623	1.282808
15		0.159611	1.054306
16		0.200887	0.402245	0.543394	0.961903	1.411997
17		0.148877	0.379382	0.905580
18		0.100324	0.373505	0.830151	0.979343	1.436997
19		0.241548	1.009439
20		0.381285	1.214248
21		0.252947	0.968427
22		0.335316	1.063402
23		0.277740	0.605356	0.840232	1.500504
24		0.103380	0.707460	0.898109	1.463630
25		0.292861	0.579147	0.680960	1.286798
26		0.216991	0.407010	0.561400	0.807146	1.284020
27		0.200184	0.382768	0.533598	0.901034	1.598482
28		0.110404	0.473302	0.644670	1.371474
29		0.297901	1.233371
30		0.260603	0.468262	0.626525	0.855352	1.469254
31		0.423822	1.241180
32		0.143948	0.495672	1.146031
33		0.257197	1.104224
34		0.205624	0.456042	1.279372
35		0.391171	1.482187
36		0.401981	1.161376
37		0.315723	1.092662
38		0.246714	1.265340
39		0.502162	1.670249
40		0.338623	1.075720
41		0.158700	0.346639	1.223691
42		0.216428	0.926643
43		0.213812	0.999249
44		0.068255	0.423383	0.596557	1.172742
45		0.115057	0.312048	0.433330	0.678098	1.091927
46		0.172464	0.472361	0.624452	1.042881
47		0.236026	0.356310	1.048974
48		0.214627	1.117148
49		0.169708	0.378944	0.565215	0.623904	1.239704
50		0.141047	0.292805	0.394224	0.627413	1.096012
51		0.194630	0.501668	0.679569	1.087749
52		0.144089	0.922805
53		0.160807	0.335199	0.485398	1.091236
54		0.293616	1.085772
55		0.123320	0.447324	1.024307
56		0.125117	0.497407	0.575217	0.794282	1.463447
57		0.179618	0.394468	0.461661	1.082156
58		0.211455	0.999482
59		0.167929	0.966689
60		0.143073	0.302284	0.650633	0.716472	1.584351
61		0.210201	0.617453	0.738419	1.213210
62		0.182133	0.305515	0.439753	0.698360	1.368567
63		0.120888	0.860159
64		0.155813	0.978092
65		0.131700	0.424624	0.544751	1.194359
66		0.096458	0.697040
67		0.199821	0.775363
68		0.261553	0.831865
69		0.141650	0.367382	1.030634
70		0.391582	1.164409
71		0.183150	0.936493
72		0.144169	0.412509	0.654914	0.763647	1.475897
73		0.218240	0.450009	0.637854	1.164941
74		0.191153	0.475255	0.552665	1.128850
75		0.153581	0.890795
76		0.133654	0.360341	1.311194
77		0.219176	0.513257	0.596978	1.035989
78		0.230788	0.468720	0.634986	0.769719	1.290494
79		0.093961	0.318885	1.273266
80		0.307572	1.055355
81		0.090600	0.464881	0.560646	1.148003
82		0.142527	0.334542	0.471449	1.027690
83		0.135543	0.355551	0.529062	0.937324	1.468065
84		0.149130	0.350739	1.131975
85		0.101616	0.321058	0.681375	0.740074	1.246686
86		0.188341	0.414146	0.520875	0.747562	1.262681
87		0.181562	0.505127	0.654980	1.035206
88		0.215839	1.160192
89		0.090929	0.424565	0.500789	0.898153
90		0.239735	0.366834	0.440664	0.750000	1.209799
91		0.147103	0.356000	0.844442
92		0.377620	1.187417
93		0.123778	0.509814	0.572965	1.462172
94		0.346067	0.656483	0.803910	1.165925
95		0.131387	0.996597
96		0.145804	0.368336	0.683514	0.813400	1.222133
97		0.196015	0.529148	0.645744	1.453034
98		0.122741	0.444255	1.111737
99		0.290732	0.988286
100		0.323733	0.831203
101		0.385343	1.124463
102		0.150507	0.415060	0.523237	0.741734	1.553599
103		0.287397	1.345309
104		0.243007	0.523667	0.628505	0.826168	1.599348
105		0.143304	0.445379	1.115658
106		0.312486	1.151182
107		0.143574	0.295340	1.047128
108		0.252901	1.161669
109		0.167573	0.384175	0.653227	1.335085
110		0.130199	0.372029	0.536680	1.491651
111		0.288045	0.983776
112		0.153435	0.832606
113		0.165878	0.312486	0.455818	0.636826	1.170839
114		0.202015	0.385343	0.602683	1.081327
115		0.157611	0.715511	0.897854	1.036725	1.657419
116		0.153899	0.992898
117		0.067016	0.319282	0.590954	0.651017	1.323726
118		0.083187	0.360400	0.627533	1.461190
119		0.231969	0.466635	1.136444
120		0.138164	0.297658	0.439721	1.146551
121		0.163768	0.285491	0.390790	0.680605	1.284387
122		0.140877	0.389865	1.084958
123		0.073669	0.187842	0.319447	0.621876	1.253752
124		0.108183	0.862986
125		0.112295	0.377665	0.504680	0.628671	1.101952
126		0.089272	0.391132	0.555613	1.088308
127		0.092384	0.391268	0.480854	1.175345
128		0.224505	0.310946	0.410618	0.672588	1.152424
129		0.168998	0.979473
130		0.216567	0.976896
131		0.206715	0.805330
132		0.127414	0.402797	0.694442	0.793103	1.563958
133		0.090617	0.380696	0.492265	1.263431
134		0.195959	0.756458
135		0.145139	0.294140	0.566013	0.605558	1.011602
136		0.133156	0.415726	0.532014	1.407978
137		0.140966	0.451520	1.314383
138		0.099069	0.988462
139		0.081284	0.352421	0.473719	1.072281
140		0.090003	0.406009	0.505891	1.219705
141		0.144958	1.050537
142		0.137463	1.047578
143		0.117520	0.359272	1.045488
144		0.121305	0.411500	1.163009
145		0.084600	0.461224	0.521970	1.363066
146		0.083649	0.344232	0.420928	0.606662	1.200828
147		0.136721	0.479148	0.738012	0.872439	1.322953
148		0.116123	0.465701	0.707258	0.796566	1.233751
149		0.108420	0.370282	1.137998
150		0.133169	0.296976	0.415422	0.602750	1.177337
151		0.107098	0.342732	0.534012	1.015676
152		0.334551	0.960052