259289891086
259295330098
259295486846
259374742289
259374834666
259374893514
259374926020
259375060058
259380265750
259380480366
259380794683
259381017618
259382049278
259382263229
259382582401
259382795754
259383115186
259383333736
259383650036
259383866149
259384882742
259385099454
259385415929
259385632290
259385949570
259386165748
259386483259
259386699714
259387015901
259387233474
259388249613
259388465557
259388782822
259389000188
259390016256
259390233807
259390549809
259390765831
259391082896
259391300277
259391615791
259391833251
259392150175
259392367380
259393383518
259393600623
259393916472
259394133822
259394450617
259394666612
259394983800
259395200044
259395517037
259395734273
259396750337
259396967187
259397284559
259397500789
259398517963
259398734037
259399051249
259399268125
259399580511
259399801306
259400813702
259401029932
259401351757
259401567947
259401885082
259402101647
259403115344
259403335060
259403652232
259403868375
259404885569
259405101846
259405419152
259405636250
259405952336
259406169698
259407185818
259407401927
259407719270
259407935668
259408952779
259409168972
259409486283
259409703505
259410019549
259410237009
259410553344
259410769332
259411787748
259412004002
259412320085
259412536269
259412853395
259413064412
259414087298
259414303359
259414621037
259414836615
259415853847
259416071144
259416387302
259416604576
259416920578
259417137970
259417453886
259417671346
259417982818
259418204406
259419221740
259419437745
259419754662
259419970766
259420287969
259420504919
259421520973
259421738221
259422050924
259422271632
259422588909
259422805014
259423122229
259423338625
259423654558
259423871712
259424889285
259425105411
259425422625
259425638578
259426655689
259426872949
259427189168
259427406433
259428422569
259428638611
259428955824
259429172892
259430190281
259430406508
259430722493
259430939747
259431955953
259432173388
259432489506
259432707126
259433023490
259433239744
259433557071
259433773181
259434789782
259435007163
259435323560
259435541105
259435851298
259436073495
259436390806
259436606805
259437624028
259437840331
259438157574
259438368898
259438685757
259438902302
259439224995
259439440994
259440458937
259440674148
259440991392
259441207573
259441524579
259441741972
259442057959
259442275348
259442591391
259442808670
259443824729
259444041989
259444359214
259444575432
259444891479
259445108880
259445424755
259445642040
259445959087
259446175165
259447191639
259447409036
259447726361
259447942513
259448259859
259448475879
259448792891
259449008947
259450026148
259450242424
259450559509
259450776560
259451792804
259452010047
259452326244
259452543552
259452860614
259453076830
259453392877
259453610186
259453927414
259454143383
259455160502
259455376765
259455693735
259455911095
259456927070
259457144470
259457460756
259457678236
259457994261
259458210395
259459227477
259459445035
259459760912
259459978524
259460994504
259461211638
259461527506
259461744742
259462062001
259462278096
259463295172
259463511359
259463828511
259464044648
259465061826
259465277975
259465595388
259465811557
259466828994
259467045280
259467362288
259467579563
259468595821
259468812876
259469128871
259469346064
259470363256
259470579468
259470895553
259471112774
259472125517
259472346235
259472663330
259472879308
259473896189
259474113709
259474430756
259474647085
259474963235
259475180387
259476196616
259476413951
259476729859
259476947251
259477964614
259478181102
259478497239
259478714569
259479730840
259479947512
259480264406
259480480693
259480798000
259481014414
259481332023
259481547840
259482564903
259482781120
259483098461
259483314495
259483631616
259483848633
259484164374
259484381745
259484699149
259484915480
259485931613
259486149218
259486465073
259486682228
259486999114
259487215074
259487532264
259487748467
259488765521
259488982920
259489298883
259489515294
259489832386
259490048857
259491066653
259491282496
259491599696
259491815647
259492832575
259493048980
259493366368
259493583620
259493900185
259494116331
259494433035
259494647955
259494965703
259495184019
259496194545
259496411149
259496733966
259496950048
259497267072
259497483252
259497800396
259498017858
259498334052
259498550075
259499567349
259499784913
259500101269
259500317410
259500633979
259500851336
259501168019
259501384026
259502401158
259502618447
259502934310
259503151274
259504167947
259504385583
259504701856
259504918833
259505234909
259505451313
259505768851
259505985071
259507002557
259507218935
259507535018
259507752435
259508768621
259508986331
259509302370
259509518703
259509835847
259510052003
259511068808
259511285888
259511602356
259511819516
259512135756
259512352661
259512669621
259512886084
259513202746
259513419653
259514437186
259514653401
259514969614
259515186937
259515503131
259515719609
259516037091
259516253462
259517270418
259517486613
259517803892
259518020081
259519037564
259519253956
259519571342
259519787581
259520803937
259521022238
259521338281
259521554604
259521870860
259522088520
259522405276
259522621742
259522938000
259523154094
259524171982
259524388046
259524705096
259524921286
259525237881
259525454618
259525772510
259525988618
259527005045
259527222282
259527538469
259527754919
259528072181
259528289150
259528605035
259528822984
259529139291
259529355352
259530372960
259530589299
259530901390
259531122053
259532140002
259532356107
259532673451
259532889653
259533906985
259534123254
259534440370
259534656612
259534974108
259535190020
259535507202
259535723147
259536741007
259536957508
259537273781
259537489889
259538506195
259538724282
259539040502
259539257756
259540273993
259540491339
259540807307
259541025612
259542040789
259542258313
259542574202
259542791613
259543107739
259543325006
259544341059
259544557573
259544875171
259545091485
259546107965
259546324559
259546641932
259546859275
259547875291
259548092754
259548408766
259548626288
259548942374
259549158621
259549475790
259549692187
259550009340
259550225298
259551242752
259551458785
259551775916
259551992082
259552309622
259552525712
259552843046
259553058919
259554076314
259554293143
259554610410
259554826571
259555143814
259555359751
259555676886
259555892945
259556910527
259557126482
259557444001
259557659950
259558677099
259558893323
259559210178
259559427434
259559743703
259559961022
259560978066
259561194149
259561511374
259561728042
259562044038
259562261155
259562577166
259562794242
259563811466
259564027570
259564339715
259564561522
259564877567
259565094844
259565412362
259565628215
259565945478
259566161444
259567178738
259567394948
259567712127
259567928252
259568245579
259568461570
259569478953
259569694998
259570012386
259570229746
259571245750
259571463171
259571779524
259571995614
259572312845
259572529094
259572846263
259573063452
259574079572
259574294990
259574613488
259574829579
259575146704
259575362755
259575679193
259575896449
259576913740
259577129809
259577446385
259577663778
259577979744
259578196303
259578513465
259578730809
259579046752
259579263810
259580281376
259580497260
259580810316
259581031752
259581348012
259581563955
259582581097
259582797274
259583114401
259583330613
259583647872
259583864314
259584181577
259584397744
259584714933
259584932055
259585948256
259586165009
259586481517
259586699290
259587015338
259587231301
259587548274
259587765619
259588081652
259588298744
259589314826
259589531740
259589848843
259590066266
259590382378
259590597717
259590916059
259591132029
259592149383
259592365360
259592682439
259592899477
259593916746
259594132810
259594449942
259594665960
259594982941
259595199881
259595516857
259595732809
259596750037
259596966212
259597283392
259597499479
259597816951
259598032842
259598350046
259598567448
259598883489
259599100578
259600116619
259600333280
259600650469
259600867753
259601183701
259601400612
259602417981
259602633934
259602951098
259603168200
259604184068
259604401292
259604718571
259604934580
259605250872
259605468093
259605785343
259606000926
259607018175
259607236521
259607551230
259607768254
259608085363
259608301907
259608619139
259608835150
259609852243
259610068288
259610385616
259610602744
259611618615
259611835807
259612153079
259612365032
259612685663
259612902939
259613218800
259613436088
259613753200
259613969043
259614986184
259615203270
259615519156
259615736417
259616053822
259616269741
259616586951
259616802758
259617819853
259618036982
259618354237
259618570410
259618882596
259619104009
259620120523
259620336555
259620653613
259620870624
259621887844
259622103857
259622420912
259622636825
259623653980
259623871155
259624187058
259624404199
259625421328
259625638229
259625954178
259626171388
259626483784
259626704375
259627022352
259627238405
259627555485
259627771575
259628788648
259629004571
259629321659
259629539245
259630555170
259630772448
259631088408
259631305770
259631621801
259631838938
259632156214
259632372257
259632689703
259632905619
259633922753
259634138891
259634455967
259634673068
259634989070
259635206151
259636223444
259636439470
259636756617
259636973747
259637989751
259638206964
259638522879
259638740844
259639056802
259639269068
259640290771
259640506824
259640824136
259641041745
259642057911
259642274037
259642591365
259642803492
259643124831
259643340908
259643658150
259643874013
259644891616
259645107812
259645425202
259645641171
259645958154
259646174271
259646491466
259646708749
259647724983
259647942061
259648258017
259648475109
259649491653
259649708744
259650025614
259650242752
259651259421
259651475696
259651792861
259652008772
259652325836
259652541803
259652858798
259653075699
259653392909
259653609026
259654626152
259654842800
259655159649
259655375581
259655692818
259655909981
259656226100
259656443257
259657459470
259657676743
259657991518
259658209986
259658526574
259658743795
259659059653
259659276850
259659592793
259659810736
259660826582
259661043925
259661359882
259661577070
259662593041
259662810189
259663127379
259663343460
259663660617
259663877886
259664193962
259664411221
259664727329
259664943770
259665960737
259666178122
259666494307
259666711349
259667027810
259667244829
259667562022
259667778040
259668792007
259669011698
259669328965
259669544745
259669861497
259670078757
259671095509
259671312749
259671628612
259671845807
259672161736
259672378890
259672696198
259672912559
259673929742
259674146984
259674462333
259674679434
259674996617
259675212615
259675529650
259675745661
259676062703
259676279995
259677296071
259677513261
259677829433
259678046609
259678362698
259678579805
259679596235
259679813460
259680130841
259680346847
259680663993
259680880427
259681197653
259681413602
259681730984
259681946942
259682964174
259683180199
259683497361
259683713577
259684730829
259684947858
259685264875
259685480941
259685797648
259686014841
259686330740
259686547745
259686864818
259687081015
259688098085
259688315092
259688631278
259688848319
259689164952
259689382182
259689698238
259689915253
259690931496
259691148611
259691465572
259691681480
259691998634
259692215745
259692531684
259692748740
259693765846
259693981745
259694299223
259694516457
259694832535
259695049613
259695365603
259695582743
259695899737
259696115615
259697132747
259697349798
259697666657
259697882809
259698899874
259699116397
259699433557
259699650406
259700666550
259700884230
259701201817
259701416913
259702434025
259702651176
259702967118
259703184259
259703500300
259703717572
259704033747
259704250828
259704568006
259704784506
259705801625
259706017504
259706334690
259706550695
259706867875
259707084941
259707401928
259707617977
259708635022
259708849613
259709164964
259709385595
259710402262
259710618503
259710935762
259711151748
259711468791
259711681139
259712001418
259712218756
259712535761
259712751692
259713768858
259713986455
259714301384
259714519759
259714835832
259715052899
259715369096
259715586156
259716602657
259716819349
259717136468
259717352615
259717669929
259717886747
259718902993
259719115909
259719437140
259719653217
259720669892
259720887328
259721203183
259721420368
259721737612
259721953850
259722270836
259722487077
259723503701
259723720805
259724036759
259724253892
259724571077
259724787130
259725104231
259725321405
259726337797
259726554409
259726871882
259727087616
259728104616
259728322053
259728638896
259728854924
259729872121
259730088890
259730404745
259730621703
259730939011
259731154897
259732171973
259732389338
259732705523
259732921653
259733238699
259733455895
259734471852
259734689008
259735006054
259735222047
259735539192
259735756586
259736072604
259736289086
259737306895
259737522794
259737839750
259738055614
259738373098
259738590346
259738906296
259739123523
259739439669
259739658155
259740673749
259740889929
259741207026
259741423412
259741740584
259741957073
259742274341
259742490313
259742806902
259743023755
259744040979
259744257074
259744573613
259744790787
259745107447
259745324833
259745636993
259745857511
259746174449
259746390575
259747408045
259747619230
259747935992
259748151952
259748469848
259748686434
259749702814
259749919562
259750242176
259750458334
259750775441
259750991452
259751308166
259751525229
259751837496
259752058619
259753076024
259753292397
259753604406
259753825838
259754141807
259754359056
259754676269
259754888836
259755909411
259756126669
259756442698
259756659961
