582545182316
582548112154
582548237669
582624524581
582624620939
582624667783
582624701164
582624899883
582629915130
582630132986
582630450152
582630666831
582631682962
582631900246
582632216392
582632433578
582632749750
582632966945
582633284082
582633500607
582634516721
582634733958
582635051223
582635267335
582635584188
582635800440
582636117028
582636334296
582636651575
582636867994
582637884660
582638101041
582638418242
582638634979
582639651076
582639868315
582640184329
582640401673
582640717828
582640935224
582641251231
582641468607
582641784701
582642002327
582643018636
582643235858
582643552035
582643769279
582644085489
582644302752
582644618796
582644836140
582645152167
582645368715
582646385789
582646602082
582646918259
582647136367
582648152435
582648369824
582648685988
582648903263
582649219440
582649435868
582650453159
582650670308
582650986427
582651203071
582651519840
582651736457
582652754110
582652970496
582653286873
582653503467
582654520680
582654736844
582655054093
582655270191
582655587460
582655804137
582656821393
582657037504
582657354878
582657571582
582658587738
582658805005
582659121207
582659338494
582659654694
582659871916
582660188106
582660404692
582661421745
582661637945
582661955256
582662171303
582662488649
582662705169
582663720014
582663938991
582664255223
582664472717
582665488907
582665706157
582666022273
582666239595
582666555664
582666772902
582667089027
582667306323
582667622561
582667838981
582668856225
582669071815
582669389862
582669606179
582669922634
582670140240
582671156590
582671373767
582671689926
582671907363
582672223541
582672439638
582672756974
582672973142
582673290442
582673506893
582674524351
582674740824
582675056809
582675274509
582676290485
582676507907
582676824062
582677040562
582678057883
582678274012
582678591289
582678808044
582679824172
582680041539
582680357682
582680575362
582681591491
582681808796
582682124951
582682342239
582682658303
582682875556
582683191678
582683408330
582684425404
582684641561
582684958809
582685175985
582685492326
582685709631
582686026061
582686242690
582687258580
582687476171
582687792284
582688009630
582688325821
582688543102
582688859191
582689075842
582690093045
582690309275
582690626437
582690843731
582691159925
582691376047
582691693339
582691909701
582692226926
582692443747
582693459918
582693677100
582693993557
582694210818
582694526939
582694744226
582695060441
582695277660
582695593851
582695810455
582696827772
582697043879
582697361242
582697577490
582697894720
582698110930
582698428048
582698644595
582699660800
582699878122
582700194278
582700410955
582701428171
582701645477
582701961677
582702178900
582702495007
582702711821
582703028267
582703245554
582703561709
582703778085
582704794991
582705012262
582705328247
582705545866
582706562069
582706779442
582707095649
582707312447
582707628949
582707845470
582708862593
582709079138
582709396046
582709612889
582710630189
582710846117
582711163501
582711379617
582711696830
582711913724
582712929832
582713147071
582713463290
582713679736
582714698053
582714913137
582715230443
582715446864
582716464178
582716680259
582716997632
582717214099
582718230358
582718447642
582718763700
582718981491
582719995212
582720215071
582720531727
582720748606
582721764781
582721981888
582722298157
582722514693
582723531858
582723748111
582724065453
582724281468
582724598670
582724815525
582725832692
582726048894
582726365047
582726582608
582727598827
582727816266
582728132351
582728348950
582729366345
582729582442
582729899652
582730115815
582730433124
582730649298
582730966899
582731183436
582732199685
582732417125
582732733233
582732950546
582733266700
582733483853
582733800065
582734017269
582734333489
582734550441
582735567477
582735783628
582736100918
582736316980
582736634342
582736850594
582737167881
582737384442
582738400576
582738617694
582738934083
582739151484
582739467499
582739683952
582740701333
582740917521
582741234761
582741451436
582742468684
582742685010
582743001132
582743218436
582743535559
582743751693
582744068995
582744284898
582744601548
582744818586
582745835024
582746052162
582746368269
582746585613
582746901670
582747119029
582747435089
582747652442
582747968489
582748185237
582749202467
582749419733
582749735768
582749953158
582750269272
582750486605
582750802784
582751019314
582752036465
582752252661
582752569870
582752786342
582753803653
582754019646
582754336936
582754553165
582754870438
582755086506
582755403797
582755620502
582756637739
582756853901
582757171151
582757387608
582758403894
582758621167
582758937341
582759154601
582759470914
582759687634
582760704886
582760920993
582761238110
582761454214
582761771916
582761987969
582762305303
582762521394
582762838859
582763054325
582764071619
582764288987
582764604903
582764822118
582765138404
582765355639
582765671841
582765888807
582766905675
582767121904
582767438653
582767655266
582768672592
582768888669
582769205966
582769422563
582770438952
582770656299
582770972373
582771189536
582771506821
582771722862
582772040132
582772256359
582772573268
582772789593
582773806955
582774022954
582774339901
582774557446
582774873478
582775090687
582775406807
582775623495
582776640749
582776856874
582777174236
582777390357
582777704943
582777924600
582778240540
582778457920
582778773903
582778990467
582780007773
582780224015
582780541329
582780757780
582781774959
582781991158
582782308495
582782524969
582783541003
582783758332
582784075585
582784291381
582784608593
582784824790
582785142037
582785358583
582786375791
582786591751
582786909100
582787125671
582788141667
582788358978
582788675231
582788892869
582789909004
582790126285
582790442376
582790660132
582791676224
582791893429
582792209222
582792426500
582792742754
582792959196
582793976500
582794193690
582794509900
582794726441
582795743543
582795960861
582796276999
582796493611
582797510951
582797727116
582798044373
582798260500
582798577773
582798794346
582799110263
582799327546
582799643701
582799861325
582800877564
582801094886
582801410998
582801628244
582801944044
582802161399
582802477564
582802695052
582803711326
582803928569
582804244690
582804461877
582804778067
582804995027
582805312144
582805528665
582806545751
582806761878
582807079144
582807295569
582808311817
582808528964
582808846344
582809062031
582809379012
582809596146
582810612283
582810829442
582811145565
582811362895
582811679071
582811896299
582812212465
582812430148
582813446240
582813663619
582813979743
582814196983
582814513072
582814730360
582815046543
582815263837
582815580035
582815796583
582816813845
582817029899
582817347176
582817563379
582817880583
582818097049
582819114247
582819330562
582819647685
582819864389
582820880582
582821097984
582821414124
582821631559
582821947633
582822165106
582822481156
582822697707
582823714942
582823931180
582824248383
582824464562
582824781832
582824997857
582825315148
582825531716
582826548936
582826765027
582827082342
582827298436
582827615739
582827831966
582828149391
582828365540
582828682892
582828899330
582829915442
582830132793
582830449052
582830665429
582830982544
582831199023
582832216339
582832432487
582832749588
582832966902
582833283109
582833499062
582833816594
582834032690
582834350220
582834567064
582835583044
582835800223
582836116186
582836333439
582836650756
582836866958
582837184190
582837400188
582837717350
582837933228
582838950398
582839167744
582839483712
582839701025
582840017181
582840234652
582840550781
582840767513
582841784517
582842000987
582842318187
582842534864
582843550992
582843768272
582844084463
582844301697
582844617925
582844835317
582845151295
582845367886
582846385211
582846601441
582846918672
582847134796
582847451904
582847668994
582847985054
582848202244
582848518363
582848735869
582849752483
582849968606
582850285819
582850501921
582850819296
582851035567
582852052906
582852269054
582852586122
582852802514
582853819804
582854036416
582854352589
582854569842
582854887172
582855103350
582855419394
582855637126
582856653355
582856870655
582857186706
582857403899
582857720085
582857937353
582858253491
582858469990
582859487364
582859704499
582860020689
582860237366
582861254584
582861470757
582861788066
582862004012
582862321302
582862537564
582862854765
582863070995
582863388269
582863604692
582864621658
582864837756
582865154923
582865371174
582865688449
582865904426
582866221716
582866438074
582867455626
582867671870
582867989146
582868205236
582868522502
582868739108
582869755190
582869972246
582870288744
582870505200
582871522468
582871739166
582872056023
582872272856
582873289042
582873506388
582873822290
582874039965
582875056114
582875273320
582875590336
582875806454
582876123695
582876339901
582876657192
582876873364
582877190530
582877406983
582878423187
582878640141
582878956621
582879174263
582880190429
582880407611
582880723932
582880940943
582881257288
582881474691
582881790772
582882008042
582882324235
582882540671
582883557857
582883774103
582884091128
582884308103
582884624224
582884841017
582885858050
582886075471
582886391563
582886608067
582887625477
582887841457
582888158751
582888374807
582888692210
582888908567
582889925821
582890141970
582890459192
582890675837
582891693037
582891909147
582892226441
582892442535
582892759907
582892976111
582893293388
582893509943
582894526076
582894743291
582895059490
582895276864
582895593037
582895810374
582896126219
582896342710
582897360144
582897576399
582897893855
582898110613
582899126654
582899343836
582899660196
582899876864
582900893931
582901110066
582901427285
582901644644
582901961489
582902177652
582902493764
582902710999
582903028078
582903244793
582904260834
582904478073
582904794247
582905011074
582905328309
582905544433
582905861784
582906078238
582907095567
582907311484
582907628800
582907844905
582908162081
582908378166
582908695537
582908911348
582909228455
582909444829
582910462120
582910678795
582910995982
582911212559
582912228740
582912446001
582912762056
582912979277
582913296463
582913512532
582913829745
582914045929
582914363190
582914579735
582915595978
582915812960
582916130257
582916346408
582916663657
582916879731
582917197270
582917413767
582918429946
582918647128
582918963097
582919180186
582919496542
582919714099
582920730229
582920947572
582921263660
582921480778
582921796999
582922014264
582922330465
582922548039
582923564133
582923781332
582924097435
582924314619
582924630899
582924848168
582925164227
582925381516
582925697673
582925915340
582926931494
582927147936
582927465148
582927681326
582927998650
582928215099
582929232479
582929448582
582929765728
582929981830
582930298511
582930515626
582930831767
582931049064
582931365048
582931582656
582932598770
582932815935
582933132030
582933349838
582934365791
582934583063
582934899103
582935116441
582935432574
582935649994
582935966108
582936183344
582936499471
582936716523
582937732840
582937950143
582938267278
582938483496
582938799819
582939017124
582939333155
582939550822
582940566762
582940783963
582941100160
582941317279
582941633423
582941850778
582942166906
582942384551
582943400762
582943618045
582943934252
582944151525
582944467621
582944684749
582945001632
582945217744
582945534981
582945751526
582946768700
582946984856
582947302086
582947518540
582948534754
582948752151
582949068095
582949284907
582950302195
582950518334
582950835517
582951051950
582952069178
582952285439
582952602721
582952815836
582953133844
582953348836
582953670828
582953885963
582954203229
582954419554
582955436837
582955652968
582955970165
582956186461
582956502610
582956719875
582957035897
582957253640
582958269786
582958487183
582958803081
582959019559
582960036693
582960253874
582960569963
582960787320
582961103469
582961320667
582961636746
582961853957
582962170111
582962387642
582963403800
582963621028
582963937205
582964154397
582964471594
582964687750
582965004950
582965221414
582966237610
582966454941
582966771029
582966988384
582967304578
582967521056
582968538347
582968755568
582969071665
582969288034
582970305375
582970521393
582970838798
582971056013
582971372124
582971588587
582971905876
582972122432
582973138588
582973355836
582973671981
582973889122
582974206317
582974422532
582974739746
582974956260
582975972439
582976189680
582976507002
582976723469
582977739502
582977956653
582978272724
582978490568
582979506660
582979723876
582980040012
582980257283
582980573184
582980789895
582981807235
582982024320
582982340560
582982557789
582982873946
582983090385
582984107570
582984324760
582984640889
582984858229
582985174299
582985391566
582985707695
582985924131
582986941400
582987157624
582987474729
582987691955
582988008103
582988225277
582988541601
582988758845
582989074989
582989291435
582990308728
582990524917
582990842182
582991058328
582991375563
582991591737
582991908999
582992125070
582992442299
582992658819
582993675978
582993892187
582994209443
582994425504
582994742829
582994958897
582995276063
582995492281
582995809532
582996026110
582997043083
582997259275
582997576573
582997793979
582998110037
582998326456
582999343723
582999559805
582999877075
583000093187
583000410459
583000626570
583000943762
583001159742
583001476938
583001693661
583002710971
583002927077
583003244315
583003460408
583003777666
583003993858
583004311247
583004527036
583005544224
583005761221
583006077521
583006295062
